[{'W': array([[-1.72664327],
       [ 1.3644224 ],
       [ 1.42034982],
       [ 0.29979112],
       [ 1.3748725 ],
       [-0.26946352],
       [-1.36368623],
       [ 2.02425187],
       [ 1.31600754],
       [ 0.82419704],
       [-1.40188394],
       [-1.68787152],
       [-1.96776585],
       [ 0.20790692],
       [ 0.29878558],
       [ 0.39669659],
       [ 0.38896037],
       [-1.40707347],
       [ 1.42763299],
       [-1.24984044]]), 'b': array([[ 4.07308297],
       [-1.07472041],
       [-2.58879349],
       [ 0.11862079],
       [ 1.4334083 ],
       [-0.37605535],
       [-1.91649902],
       [-4.82476209],
       [ 2.11914722],
       [-0.01782069],
       [-1.82286115],
       [-4.00176227],
       [-4.59356048],
       [-0.14137966],
       [ 0.31204342],
       [ 0.12777115],
       [ 0.39757461],
       [ 2.03670266],
       [-1.39548941],
       [-1.39313469]])}, {'W': array([[-1.6680504 ,  1.00408348,  2.61548556,  0.07490529, -0.21050508,
         0.22088055,  1.24515581,  4.30310561, -0.63146415,  0.17655027,
         1.10304835,  2.72568514,  3.28662416,  0.68335408,  0.24973729,
         0.12145102, -0.23266409, -0.95416564,  1.60202162,  0.88014123]]), 'b': array([[0.23647222]])}]