[{'W': array([[-0.2749447257185604 ],
       [ 2.068793397281464  ],
       [ 0.09699601503575302],
       [-1.8235559344627608 ],
       [-0.29290880155789334],
       [ 2.397033898236237  ],
       [-1.3723628852596412 ],
       [-0.21493201234924098],
       [-0.21706147216926291],
       [ 1.420897339678824  ]]), 'b': array([[ 3.1409568565744167e-01],
       [ 4.3653502288147212e+00],
       [ 2.2619141067993357e-04],
       [ 1.3842691424826752e+00],
       [ 5.7513048238150268e-02],
       [-4.2991558179468674e+00],
       [-2.3404824791807104e+00],
       [ 9.9655520381982693e-02],
       [ 7.5759016830072218e-02],
       [-9.0203969978624965e-01]])}, {'W': array([[ 0.8882382899970436, -3.318058508088463 ,  0.3791612784082088,
        -2.3968530829472794,  0.9810853149248355,  4.907444620362157 ,
         2.8831279297700423,  0.8525677600292708,  0.8040815328936032,
         1.310364655130878 ]]), 'b': array([[1.4909361030977184]])}]